# estimated distances (in metres) between pairs of handsets in Dublin Tram dataset.  each row corresponds to the same row in file dublintram_dataset_attenuations.txt.
   1.6763055e+00
   3.3000000e+00
   1.6000000e+00
   1.8000000e+00
   2.2627417e+00
   5.0000000e-01
   2.0000000e+00
   5.0000000e-01
   1.6000000e+00
   1.8000000e+00
   4.8000000e+00
   2.5000000e+00
   3.2249031e+00
   4.9000000e+00
   4.8000000e+00
   3.3000000e+00
   5.1546096e+00
   2.8000000e+00
   1.6000000e+00
   2.1000000e+00
   2.2627417e+00
   5.0000000e-01
   5.1546096e+00
   2.6400758e+00
   1.6000000e+00
   4.8000000e+00
   2.0000000e+00
   1.8000000e+00
   5.0000000e-01
   2.5000000e+00
   1.6000000e+00
   2.2627417e+00
   1.6763055e+00
   1.8000000e+00
   3.3000000e+00
   5.0000000e-01
   3.2249031e+00
   2.2627417e+00
   1.6000000e+00
   1.6763055e+00
   2.1000000e+00
   1.6000000e+00
   1.6000000e+00
   2.2627417e+00
   1.6000000e+00
   2.0000000e+00
   4.9000000e+00
   2.0000000e+00
   2.2627417e+00
   4.9000000e+00
   2.0000000e+00
   1.6000000e+00
   1.6000000e+00
   2.0000000e+00
   2.2627417e+00
   2.1000000e+00
   1.6763055e+00
   1.6000000e+00
   3.2249031e+00
   1.6000000e+00
   2.1000000e+00
   5.1546096e+00
   1.6000000e+00
   5.0000000e-01
   2.2627417e+00
   2.6400758e+00
   4.9000000e+00
   5.1546096e+00
   3.2249031e+00
   3.3000000e+00
   4.8000000e+00
   2.8000000e+00
