# Dublin Tram dataset, each row gives the indices of the pair of handsets corresponding to the measurements in dublintram_dataset_attenuations.txt 
   5.0000000e+00   1.0000000e+00
   5.0000000e+00   2.0000000e+00
   5.0000000e+00   3.0000000e+00
   5.0000000e+00   4.0000000e+00
   5.0000000e+00   6.0000000e+00
   5.0000000e+00   7.0000000e+00
   4.0000000e+00   3.0000000e+00
   4.0000000e+00   6.0000000e+00
   4.0000000e+00   1.0000000e+00
   4.0000000e+00   5.0000000e+00
   4.0000000e+00   2.0000000e+00
   4.0000000e+00   7.0000000e+00
   2.0000000e+00   1.0000000e+00
   2.0000000e+00   3.0000000e+00
   2.0000000e+00   4.0000000e+00
   2.0000000e+00   5.0000000e+00
   2.0000000e+00   6.0000000e+00
   2.0000000e+00   7.0000000e+00
   6.0000000e+00   3.0000000e+00
   6.0000000e+00   1.0000000e+00
   6.0000000e+00   5.0000000e+00
   6.0000000e+00   4.0000000e+00
   6.0000000e+00   2.0000000e+00
   6.0000000e+00   7.0000000e+00
   4.0000000e+00   1.0000000e+00
   4.0000000e+00   2.0000000e+00
   4.0000000e+00   3.0000000e+00
   4.0000000e+00   5.0000000e+00
   4.0000000e+00   6.0000000e+00
   4.0000000e+00   7.0000000e+00
   5.0000000e+00   3.0000000e+00
   5.0000000e+00   6.0000000e+00
   5.0000000e+00   1.0000000e+00
   5.0000000e+00   4.0000000e+00
   5.0000000e+00   2.0000000e+00
   5.0000000e+00   7.0000000e+00
   1.0000000e+00   2.0000000e+00
   1.0000000e+00   3.0000000e+00
   1.0000000e+00   4.0000000e+00
   1.0000000e+00   5.0000000e+00
   1.0000000e+00   6.0000000e+00
   1.0000000e+00   7.0000000e+00
   3.0000000e+00   6.0000000e+00
   3.0000000e+00   1.0000000e+00
   3.0000000e+00   5.0000000e+00
   3.0000000e+00   4.0000000e+00
   3.0000000e+00   2.0000000e+00
   3.0000000e+00   7.0000000e+00
   3.0000000e+00   1.0000000e+00
   3.0000000e+00   2.0000000e+00
   3.0000000e+00   4.0000000e+00
   3.0000000e+00   5.0000000e+00
   3.0000000e+00   6.0000000e+00
   3.0000000e+00   7.0000000e+00
   1.0000000e+00   3.0000000e+00
   1.0000000e+00   6.0000000e+00
   1.0000000e+00   5.0000000e+00
   1.0000000e+00   4.0000000e+00
   1.0000000e+00   2.0000000e+00
   1.0000000e+00   7.0000000e+00
   6.0000000e+00   1.0000000e+00
   6.0000000e+00   2.0000000e+00
   6.0000000e+00   3.0000000e+00
   6.0000000e+00   4.0000000e+00
   6.0000000e+00   5.0000000e+00
   6.0000000e+00   7.0000000e+00
   2.0000000e+00   3.0000000e+00
   2.0000000e+00   6.0000000e+00
   2.0000000e+00   1.0000000e+00
   2.0000000e+00   5.0000000e+00
   2.0000000e+00   4.0000000e+00
   2.0000000e+00   7.0000000e+00
